0 1 0
0.01 0.998751 -0.249709
0.02 0.995009 -0.498419
0.03 0.988788 -0.745512
0.04 0.980106 -0.990373
0.05 0.96899 -1.23239
0.06 0.95547 -1.47097
0.07 0.939584 -1.70552
0.08 0.921375 -1.93546
0.09 0.900892 -2.16021
0.1 0.87819 -2.37924
0.11 0.853328 -2.59199
0.12 0.826373 -2.79796
0.13 0.797393 -2.99662
0.14 0.766466 -3.1875
0.15 0.733671 -3.37014
0.16 0.699092 -3.54409
0.17 0.662819 -3.70892
0.18 0.624946 -3.86424
0.19 0.585568 -4.00968
0.2 0.544786 -4.14488
0.21 0.502705 -4.26953
0.22 0.459432 -4.38333
0.23 0.415076 -4.48601
0.24 0.369749 -4.57734
0.25 0.323567 -4.65709
0.26 0.276647 -4.72509
0.27 0.229105 -4.78119
0.28 0.181063 -4.82527
0.29 0.13264 -4.85722
0.3 0.0839591 -4.877
0.31 0.035141 -4.88457
0.32 -0.0136916 -4.87992
0.33 -0.0624168 -4.8631
0.34 -0.110913 -4.83415
0.35 -0.15906 -4.79317
0.36 -0.206737 -4.74028
0.37 -0.253826 -4.67564
0.38 -0.300211 -4.59941
0.39 -0.345776 -4.51181
0.4 -0.39041 -4.41307
0.41 -0.434002 -4.30346
0.42 -0.476444 -4.18326
0.43 -0.517632 -4.05279
0.44 -0.557467 -3.9124
0.45 -0.595849 -3.76245
0.46 -0.632685 -3.60332
0.47 -0.667886 -3.43544
0.48 -0.701366 -3.25922
0.49 -0.733044 -3.07513
0.5 -0.762844 -2.88364
0.51 -0.790694 -2.68522
0.52 -0.816527 -2.4804
0.53 -0.840282 -2.2697
0.54 -0.861903 -2.05363
0.55 -0.881339 -1.83277
0.56 -0.898544 -1.60765
0.57 -0.91348 -1.37886
0.58 -0.926111 -1.14697
0.59 -0.936411 -0.912563
0.6 -0.944356 -0.676226
0.61 -0.949931 -0.438554
0.62 -0.953125 -0.200144
0.63 -0.953933 0.0384096
0.64 -0.952358 0.276509
0.65 -0.948407 0.513562
0.66 -0.942092 0.748976
0.67 -0.933434 0.982167
0.68 -0.922458 1.21255
0.69 -0.909195 1.43957
0.7 -0.89368 1.66265
0.71 -0.875957 1.88124
0.72 -0.856072 2.0948
0.73 -0.834079 2.30282
0.74 -0.810036 2.50477
0.75 -0.784006 2.70016
0.76 -0.756056 2.88851
0.77 -0.72626 3.06937
0.78 -0.694695 3.24229
0.79 -0.661442 3.40686
0.8 -0.626587 3.56266
0.81 -0.590219 3.70934
0.82 -0.552432 3.84653
0.83 -0.513322 3.97391
0.84 -0.472988 4.09117
0.85 -0.431533 4.19804
0.86 -0.389062 4.29427
0.87 -0.345684 4.37962
0.88 -0.301507 4.45391
0.89 -0.256643 4.51696
0.9 -0.211205 4.56864
0.91 -0.165308 4.60882
0.92 -0.119067 4.63744
0.93 -0.0725984 4.65443
0.94 -0.0260176 4.65977
0.95 0.0205583 4.65347
0.96 0.067013 4.63555
0.97 0.113231 4.60608
0.98 0.159096 4.56515
0.99 0.204496 4.51288
1 0.249317 4.44942
1.01 0.293448 4.37494
1.02 0.336779 4.28964
1.03 0.379205 4.19376
1.04 0.42062 4.08755
1.05 0.460923 3.97129
1.06 0.500013 3.84528
1.07 0.537797 3.70986
1.08 0.57418 3.56537
1.09 0.609075 3.4122
1.1 0.642397 3.25073
1.11 0.674064 3.08139
1.12 0.704 2.9046
1.13 0.732133 2.72083
1.14 0.758395 2.53054
1.15 0.782723 2.33421
1.16 0.80506 2.13234
1.17 0.825353 1.92545
1.18 0.843554 1.71406
1.19 0.859621 1.49871
1.2 0.873517 1.27994
1.21 0.88521 1.0583
1.22 0.894675 0.834346
1.23 0.901892 0.608646
1.24 0.906844 0.381764
1.25 0.909525 0.154268
1.26 0.90993 -0.0732716
1.27 0.908061 -0.300287
1.28 0.903927 -0.526213
1.29 0.897542 -0.750486
1.3 0.888925 -0.972548
1.31 0.878101 -1.19185
1.32 0.865099 -1.40784
1.33 0.849957 -1.62
1.34 0.832714 -1.82779
1.35 0.813417 -2.0307
1.36 0.792118 -2.22824
1.37 0.768872 -2.41992
1.38 0.74374 -2.60526
1.39 0.716789 -2.78382
1.4 0.688088 -2.95516
1.41 0.657711 -3.11887
1.42 0.625737 -3.27453
1.43 0.592249 -3.42179
1.44 0.557331 -3.56028
1.45 0.521074 -3.68967
1.46 0.483569 -3.80965
1.47 0.444913 -3.91993
1.48 0.405204 -4.02026
1.49 0.364542 -4.1104
1.5 0.32303 -4.19013
1.51 0.280774 -4.25929
1.52 0.23788 -4.3177
1.53 0.194457 -4.36523
1.54 0.150612 -4.4018
1.55 0.106458 -4.42731
1.56 0.062103 -4.44173
1.57 0.0176599 -4.44504
1.58 -0.0267607 -4.43724
1.59 -0.0710479 -4.41836
1.6 -0.115091 -4.38848
1.61 -0.158781 -4.34769
1.62 -0.202009 -4.29609
1.63 -0.244668 -4.23385
1.64 -0.286651 -4.16112
1.65 -0.327856 -4.07811
1.66 -0.36818 -3.98504
1.67 -0.407524 -3.88215
1.68 -0.445791 -3.76972
1.69 -0.482887 -3.64805
1.7 -0.518722 -3.51744
1.71 -0.553208 -3.37825
1.72 -0.58626 -3.23083
1.73 -0.617798 -3.07556
1.74 -0.647746 -2.91284
1.75 -0.676031 -2.74309
1.76 -0.702586 -2.56674
1.77 -0.727346 -2.38425
1.78 -0.750252 -2.19607
1.79 -0.77125 -2.0027
1.8 -0.79029 -1.80461
1.81 -0.807328 -1.60231
1.82 -0.822324 -1.39631
1.83 -0.835243 -1.18713
1.84 -0.846058 -0.975302
1.85 -0.854742 -0.761354
1.86 -0.861279 -0.545826
1.87 -0.865655 -0.329258
1.88 -0.867863 -0.112192
1.89 -0.867899 0.104829
1.9 -0.865768 0.321263
1.91 -0.861478 0.53657
1.92 -0.855042 0.750215
1.93 -0.846481 0.961665
1.94 -0.835818 1.1704
1.95 -0.823084 1.37589
1.96 -0.808313 1.57764
1.97 -0.791545 1.77515
1.98 -0.772826 1.96793
1.99 -0.752204 2.1555
2 -0.729734 2.33741
2.01 -0.705476 2.51321
2.02 -0.679492 2.68247
2.03 -0.65185 2.84478
2.04 -0.622621 2.99973
2.05 -0.591881 3.14697
2.06 -0.559709 3.28612
2.07 -0.526187 3.41685
2.08 -0.491401 3.53886
2.09 -0.455439 3.65184
2.1 -0.418395 3.75554
2.11 -0.38036 3.8497
2.12 -0.341433 3.9341
2.13 -0.301712 4.00855
2.14 -0.261296 4.07288
2.15 -0.220288 4.12693
2.16 -0.178792 4.1706
2.17 -0.136911 4.20379
2.18 -0.0947513 4.22643
2.19 -0.0524179 4.23848
2.2 -0.0100171 4.23992
2.21 0.0323453 4.23078
2.22 0.0745633 4.21108
2.23 0.116532 4.18089
2.24 0.158146 4.1403
2.25 0.199304 4.08944
2.26 0.239901 4.02843
2.27 0.279839 3.95746
2.28 0.319018 3.87671
2.29 0.357341 3.7864
2.3 0.394715 3.68676
2.31 0.431046 3.57807
2.32 0.466247 3.46061
2.33 0.50023 3.33467
2.34 0.532913 3.2006
2.35 0.564216 3.05873
2.36 0.594063 2.90944
2.37 0.622382 2.7531
2.38 0.649103 2.59013
2.39 0.674163 2.42092
2.4 0.697502 2.24593
2.41 0.719064 2.06559
2.42 0.738798 1.88035
2.43 0.756656 1.6907
2.44 0.772599 1.49712
2.45 0.786587 1.30008
2.46 0.79859 1.10009
2.47 0.808581 0.897651
2.48 0.816537 0.693275
2.49 0.822442 0.487474
2.5 0.826283 0.280765
2.51 0.828056 0.0736632
2.52 0.827757 -0.133312
2.53 0.825392 -0.339643
2.54 0.820968 -0.544818
2.55 0.814501 -0.748323
2.56 0.806009 -0.949655
2.57 0.795517 -1.14831
2.58 0.783053 -1.34381
2.59 0.768653 -1.53565
2.6 0.752354 -1.72337
2.61 0.734201 -1.9065
2.62 0.714241 -2.0846
2.63 0.692527 -2.25723
2.64 0.669116 -2.42396
2.65 0.644069 -2.58438
2.66 0.61745 -2.73811
2.67 0.58933 -2.88477
2.68 0.55978 -3.024
2.69 0.528876 -3.15548
2.7 0.496697 -3.27887
2.71 0.463326 -3.39389
2.72 0.428848 -3.50027
2.73 0.393351 -3.59774
2.74 0.356924 -3.68608
2.75 0.31966 -3.76508
2.76 0.281654 -3.83455
2.77 0.243001 -3.89435
2.78 0.2038 -3.94433
2.79 0.164148 -3.98438
2.8 0.124146 -4.01443
2.81 0.083893 -4.0344
2.82 0.0434912 -4.04426
2.83 0.00304145 -4.04401
2.84 -0.0373553 -4.03366
2.85 -0.0775982 -4.01325
2.86 -0.117587 -3.98285
2.87 -0.157222 -3.94254
2.88 -0.196405 -3.89245
2.89 -0.235039 -3.83271
2.9 -0.273028 -3.76349
2.91 -0.310278 -3.68498
2.92 -0.346697 -3.59737
2.93 -0.382196 -3.50092
2.94 -0.416687 -3.39586
2.95 -0.450085 -3.28248
2.96 -0.48231 -3.16107
2.97 -0.513281 -3.03195
2.98 -0.542924 -2.89545
2.99 -0.571167 -2.75192
3 -0.59794 -2.60174
3.01 -0.62318 -2.44528
3.02 -0.646826 -2.28295
3.03 -0.668821 -2.11516
3.04 -0.689113 -1.94234
3.05 -0.707653 -1.76492
3.06 -0.724397 -1.58337
3.07 -0.739308 -1.39813
3.08 -0.752349 -1.20968
3.09 -0.763492 -1.01848
3.1 -0.772711 -0.825035
3.11 -0.779987 -0.629816
3.12 -0.785303 -0.433316
3.13 -0.788651 -0.236029
3.14 -0.790023 -0.0384475
3.15 -0.78942 0.158934
3.16 -0.786847 0.355622
3.17 -0.782312 0.551127
3.18 -0.77583 0.744963
3.19 -0.76742 0.936647
3.2 -0.757105 1.12571
3.21 -0.744916 1.31167
3.22 -0.730884 1.49408
3.23 -0.715048 1.67248
3.24 -0.697449 1.84644
3.25 -0.678135 2.01552
3.26 -0.657156 2.17932
3.27 -0.634568 2.33743
3.28 -0.610428 2.48947
3.29 -0.5848 2.63506
3.3 -0.557749 2.77385
3.31 -0.529347 2.9055
3.32 -0.499664 3.0297
3.33 -0.468778 3.14615
3.34 -0.436768 3.25456
3.35 -0.403715 3.35469
3.36 -0.369703 3.44628
3.37 -0.334818 3.52913
3.38 -0.29915 3.60304
3.39 -0.262788 3.66784
3.4 -0.225824 3.72339
3.41 -0.188351 3.76955
3.42 -0.150465 3.80622
3.43 -0.112259 3.83334
3.44 -0.0738299 3.85084
3.45 -0.0352742 3.8587
3.46 0.00331182 3.8569
3.47 0.0418317 3.84548
3.48 0.0801894 3.82447
3.49 0.118289 3.79394
3.5 0.156037 3.75398
3.51 0.193338 3.7047
3.52 0.2301 3.64624
3.53 0.266233 3.57877
3.54 0.301646 3.50245
3.55 0.336253 3.41751
3.56 0.369968 3.32415
3.57 0.402709 3.22264
3.58 0.434395 3.11322
3.59 0.464948 2.9962
3.6 0.494294 2.87187
3.61 0.522362 2.74055
3.62 0.549083 2.60258
3.63 0.574392 2.45832
3.64 0.598229 2.30813
3.65 0.620537 2.15241
3.66 0.64126 1.99154
3.67 0.660352 1.82594
3.68 0.677765 1.65603
3.69 0.693459 1.48224
3.7 0.707398 1.305
3.71 0.719549 1.12477
3.72 0.729885 0.942005
3.73 0.738383 0.757159
3.74 0.745023 0.570698
3.75 0.749793 0.383092
3.76 0.752683 0.194809
3.77 0.753688 0.00632299
3.78 0.75281 -0.181897
3.79 0.750053 -0.36938
3.8 0.745426 -0.55566
3.81 0.738945 -0.740272
3.82 0.730628 -0.92276
3.83 0.720498 -1.10267
3.84 0.708585 -1.27955
3.85 0.694919 -1.45298
3.86 0.679538 -1.62251
3.87 0.662483 -1.78774
3.88 0.643799 -1.94826
3.89 0.623535 -2.10367
3.9 0.601744 -2.25359
3.91 0.578483 -2.39766
3.92 0.553811 -2.53552
3.93 0.527794 -2.66685
3.94 0.500497 -2.79132
3.95 0.471991 -2.90863
3.96 0.44235 -3.0185
3.97 0.411647 -3.12066
3.98 0.379963 -3.21488
3.99 0.347377 -3.30093
4 0.313972 -3.3786
4.01 0.279833 -3.44772
4.02 0.245047 -3.50813
4.03 0.2097 -3.55968
4.04 0.173883 -3.60226
4.05 0.137685 -3.63578
4.06 0.101198 -3.66018
4.07 0.0645124 -3.67539
4.08 0.0277208 -3.6814
4.09 -0.00908494 -3.67821
4.1 -0.0458128 -3.66584
4.11 -0.0823712 -3.64433
4.12 -0.118669 -3.61374
4.13 -0.154616 -3.57418
4.14 -0.190123 -3.52576
4.15 -0.225102 -3.46859
4.16 -0.259466 -3.40285
4.17 -0.293131 -3.32871
4.18 -0.326013 -3.24637
4.19 -0.358032 -3.15604
4.2 -0.389108 -3.05797
4.21 -0.419166 -2.9524
4.22 -0.448132 -2.83962
4.23 -0.475936 -2.71992
4.24 -0.502509 -2.5936
4.25 -0.527787 -2.461
4.26 -0.551709 -2.32244
4.27 -0.574217 -2.17829
4.28 -0.595257 -2.02892
4.29 -0.614779 -1.87471
4.3 -0.632737 -1.71604
4.31 -0.649087 -1.55333
4.32 -0.663791 -1.38698
4.33 -0.676816 -1.21741
4.34 -0.68813 -1.04506
4.35 -0.697709 -0.870358
4.36 -0.705531 -0.693743
4.37 -0.711579 -0.51566
4.38 -0.715841 -0.336556
4.39 -0.718308 -0.15688
4.4 -0.718978 0.0229186
4.41 -0.717851 0.202391
4.42 -0.714933 0.381088
4.43 -0.710233 0.558566
4.44 -0.703767 0.734382
4.45 -0.695553 0.908101
4.46 -0.685613 1.07929
4.47 -0.673977 1.24753
4.48 -0.660674 1.4124
4.49 -0.645741 1.5735
4.5 -0.629218 1.73042
4.51 -0.611148 1.88279
4.52 -0.591579 2.03022
4.53 -0.570561 2.17237
4.54 -0.54815 2.30887
4.55 -0.524404 2.43941
4.56 -0.499383 2.56365
4.57 -0.473152 2.68131
4.58 -0.44578 2.79209
4.59 -0.417334 2.89574
4.6 -0.387889 2.99199
4.61 -0.35752 3.08063
4.62 -0.326303 3.16145
4.63 -0.294318 3.23424
4.64 -0.261645 3.29885
4.65 -0.228368 3.35512
4.66 -0.194571 3.40293
4.67 -0.160338 3.44217
4.68 -0.125757 3.47275
4.69 -0.0909126 3.49461
4.7 -0.0558937 3.50771
4.71 -0.0207877 3.51203
4.72 0.0143176 3.50757
4.73 0.0493345 3.49436
4.74 0.0841757 3.47244
4.75 0.118754 3.44188
4.76 0.152985 3.40277
4.77 0.186782 3.35522
4.78 0.220062 3.29936
4.79 0.252742 3.23535
4.8 0.284742 3.16334
4.81 0.315983 3.08355
4.82 0.346388 2.99618
4.83 0.375882 2.90145
4.84 0.404393 2.79962
4.85 0.431851 2.69094
4.86 0.45819 2.57571
4.87 0.483345 2.45422
4.88 0.507255 2.32679
4.89 0.529862 2.19373
4.9 0.551111 2.05539
4.91 0.570953 1.91213
4.92 0.589339 1.7643
4.93 0.606225 1.61229
4.94 0.621572 1.45648
4.95 0.635343 1.29727
4.96 0.647507 1.13505
4.97 0.658036 0.970247
4.98 0.666905 0.803264
4.99 0.674095 0.634526
5 0.679591 0.464455
5.01 0.683381 0.293479
5.02 0.685459 0.122027
5.03 0.685822 -0.0494732
5.04 0.684471 -0.220593
5.05 0.681413 -0.390905
5.06 0.676657 -0.559986
5.07 0.670218 -0.727414
5.08 0.662115 -0.892775
5.09 0.652371 -1.05566
5.1 0.641012 -1.21566
5.11 0.628069 -1.37239
5.12 0.613576 -1.52545
5.13 0.597573 -1.67447
5.14 0.580102 -1.81909
5.15 0.561207 -1.95895
5.16 0.54094 -2.09371
5.17 0.519351 -2.22303
5.18 0.496498 -2.34661
5.19 0.472439 -2.46414
5.2 0.447236 -2.57535
5.21 0.420954 -2.67995
5.22 0.39366 -2.7777
5.23 0.365424 -2.86837
5.24 0.336317 -2.95174
5.25 0.306414 -3.02761
5.26 0.27579 -3.09581
5.27 0.244524 -3.15617
5.28 0.212694 -3.20856
5.29 0.18038 -3.25286
5.3 0.147664 -3.28896
5.31 0.114628 -3.3168
5.32 0.0813555 -3.33631
5.33 0.0479297 -3.34746
5.34 0.0144343 -3.35023
5.35 -0.019047 -3.34463
5.36 -0.0524305 -3.33069
5.37 -0.085633 -3.30844
5.38 -0.118572 -3.27797
5.39 -0.151165 -3.23936
5.4 -0.183332 -3.19271
5.41 -0.214993 -3.13816
5.42 -0.24607 -3.07585
5.43 -0.276485 -3.00595
5.44 -0.306164 -2.92865
5.45 -0.335034 -2.84416
5.46 -0.363024 -2.75268
5.47 -0.390065 -2.65447
5.48 -0.416092 -2.54977
5.49 -0.44104 -2.43887
5.5 -0.464849 -2.32204
5.51 -0.487462 -2.19958
5.52 -0.508823 -2.07181
5.53 -0.528881 -1.93906
5.54 -0.547589 -1.80167
5.55 -0.5649 -1.65998
5.56 -0.580775 -1.51436
5.57 -0.595176 -1.36518
5.58 -0.608068 -1.21281
5.59 -0.619423 -1.05763
5.6 -0.629213 -0.900052
5.61 -0.637417 -0.74046
5.62 -0.644017 -0.579257
5.63 -0.648998 -0.416849
5.64 -0.652351 -0.253644
5.65 -0.65407 -0.0900493
5.66 -0.654152 0.0735249
5.67 -0.652601 0.23667
5.68 -0.649421 0.39898
5.69 -0.644625 0.56005
5.7 -0.638226 0.71948
5.71 -0.630242 0.876873
5.72 -0.620697 1.03184
5.73 -0.609615 1.184
5.74 -0.597027 1.33297
5.75 -0.582967 1.47839
5.76 -0.567472 1.6199
5.77 -0.550583 1.75716
5.78 -0.532345 1.88981
5.79 -0.512804 2.01755
5.8 -0.492011 2.14006
5.81 -0.470021 2.25704
5.82 -0.44689 2.36821
5.83 -0.422677 2.47329
5.84 -0.397445 2.57204
5.85 -0.371258 2.66422
5.86 -0.344183 2.74961
5.87 -0.316289 2.828
5.88 -0.287647 2.89921
5.89 -0.258329 2.96307
5.9 -0.22841 3.01944
5.91 -0.197966 3.06818
5.92 -0.167073 3.10919
5.93 -0.135808 3.14236
5.94 -0.104252 3.16764
5.95 -0.0724819 3.18497
5.96 -0.0405788 3.19432
5.97 -0.0086221 3.19568
5.98 0.0233082 3.18905
5.99 0.0551324 3.17447
6 0.0867712 3.15198
6.01 0.118146 3.12165
6.02 0.149178 3.08358
6.03 0.179792 3.03785
6.04 0.20991 2.98461
6.05 0.23946 2.924
6.06 0.268366 2.85617
6.07 0.296559 2.78131
6.08 0.32397 2.69961
6.09 0.35053 2.6113
6.1 0.376174 2.51659
6.11 0.400841 2.41574
6.12 0.42447 2.30901
6.13 0.447003 2.19668
6.14 0.468385 2.07902
6.15 0.488566 1.95635
6.16 0.507497 1.82898
6.17 0.525131 1.69722
6.18 0.541428 1.56143
6.19 0.556348 1.42194
6.2 0.569855 1.27911
6.21 0.58192 1.1333
6.22 0.592513 0.984876
6.23 0.60161 0.834215
6.24 0.609191 0.681696
6.25 0.615239 0.527703
6.26 0.619741 0.372623
6.27 0.622689 0.216844
6.28 0.624077 0.0607577
6.29 0.623904 -0.0952466
6.3 0.622174 -0.250779
6.31 0.618892 -0.405452
6.32 0.614069 -0.558881
6.33 0.60772 -0.710684
6.34 0.599862 -0.860484
6.35 0.590518 -1.00791
6.36 0.579713 -1.1526
6.37 0.567476 -1.29419
6.38 0.55384 -1.43234
6.39 0.538842 -1.5667
6.4 0.52252 -1.69695
6.41 0.504918 -1.82277
6.42 0.486081 -1.94384
6.43 0.466058 -2.05988
6.44 0.444901 -2.1706
6.45 0.422664 -2.27573
6.46 0.399406 -2.37502
6.47 0.375184 -2.46823
6.48 0.350062 -2.55514
6.49 0.324103 -2.63553
6.5 0.297374 -2.70922
6.51 0.269942 -2.77603
6.52 0.241876 -2.83581
6.53 0.213249 -2.88842
6.54 0.184132 -2.93374
6.55 0.154599 -2.97166
6.56 0.124724 -3.0021
6.57 0.0945823 -3.02499
6.58 0.0642495 -3.0403
6.59 0.0338017 -3.04799
6.6 0.00331511 -3.04806
6.61 -0.0271341 -3.04051
6.62 -0.0574698 -3.02538
6.63 -0.0876166 -3.00272
6.64 -0.117499 -2.97259
6.65 -0.147044 -2.93508
6.66 -0.176177 -2.8903
6.67 -0.204826 -2.83837
6.68 -0.232921 -2.77942
6.69 -0.260392 -2.71363
6.7 -0.287171 -2.64115
6.71 -0.313193 -2.56218
6.72 -0.338394 -2.47694
6.73 -0.362712 -2.38563
6.74 -0.386087 -2.28851
6.75 -0.408463 -2.18581
6.76 -0.429786 -2.07781
6.77 -0.450003 -1.96478
6.78 -0.469065 -1.84701
6.79 -0.486928 -1.72481
6.8 -0.503548 -1.59848
6.81 -0.518885 -1.46835
6.82 -0.532903 -1.33474
6.83 -0.545569 -1.198
6.84 -0.556854 -1.05848
6.85 -0.566731 -0.916521
6.86 -0.575177 -0.772485
6.87 -0.582175 -0.626736
6.88 -0.587708 -0.47964
6.89 -0.591764 -0.331567
6.9 -0.594337 -0.182888
6.91 -0.595421 -0.0339742
6.92 -0.595017 0.114801
6.93 -0.593127 0.263066
6.94 -0.589758 0.410452
6.95 -0.584922 0.556592
6.96 -0.578632 0.701123
6.97 -0.570906 0.843686
6.98 -0.561766 0.983929
6.99 -0.551236 1.1215
7 -0.539346 1.25607
7.01 -0.526126 1.3873
7.02 -0.511612 1.51487
7.03 -0.495842 1.63846
7.04 -0.478857 1.75777
7.05 -0.460702 1.87252
7.06 -0.441423 1.98241
7.07 -0.421071 2.08719
7.08 -0.399697 2.18661
7.09 -0.377357 2.28041
7.1 -0.354108 2.36837
7.11 -0.33001 2.45029
7.12 -0.305124 2.52596
7.13 -0.279512 2.59521
7.14 -0.253241 2.65788
7.15 -0.226377 2.71381
7.16 -0.198988 2.76289
7.17 -0.171143 2.80499
7.18 -0.142912 2.84001
7.19 -0.114366 2.8679
7.2 -0.0855777 2.88858
7.21 -0.0566187 2.90201
7.22 -0.0275617 2.90818
7.23 0.00152059 2.90707
7.24 0.0305555 2.8987
7.25 0.0594705 2.88311
7.26 0.0881937 2.86034
7.27 0.116654 2.83046
7.28 0.144779 2.79355
7.29 0.172502 2.74972
7.3 0.199751 2.69909
7.31 0.226461 2.6418
7.32 0.252565 2.57799
7.33 0.278 2.50784
7.34 0.302702 2.43153
7.35 0.326611 2.34926
7.36 0.349668 2.26125
7.37 0.371817 2.16773
7.38 0.393005 2.06892
7.39 0.413179 1.9651
7.4 0.432291 1.85653
7.41 0.450295 1.74348
7.42 0.467147 1.62625
7.43 0.482807 1.50513
7.44 0.497237 1.38044
7.45 0.510405 1.25248
7.46 0.522277 1.12159
7.47 0.532828 0.988087
7.48 0.542031 0.85232
7.49 0.549868 0.714629
7.5 0.556319 0.575359
7.51 0.561371 0.434861
7.52 0.565013 0.293487
7.53 0.567239 0.151592
7.54 0.568044 0.00953137
7.55 0.56743 -0.13234
7.56 0.565399 -0.273669
7.57 0.56196 -0.414102
7.58 0.557121 -0.55329
7.59 0.550899 -0.690888
7.6 0.54331 -0.826554
7.61 0.534376 -0.959953
7.62 0.52412 -1.09075
7.63 0.51257 -1.21863
7.64 0.499758 -1.34328
7.65 0.485716 -1.46438
7.66 0.470483 -1.58165
7.67 0.454097 -1.69478
7.68 0.436602 -1.80352
7.69 0.418042 -1.90759
7.7 0.398467 -2.00674
7.71 0.377925 -2.10072
7.72 0.35647 -2.18932
7.73 0.334157 -2.27232
7.74 0.311043 -2.34952
7.75 0.287187 -2.42074
7.76 0.262649 -2.4858
7.77 0.237492 -2.54455
7.78 0.211779 -2.59687
7.79 0.185576 -2.64262
7.8 0.158949 -2.6817
7.81 0.131965 -2.71402
7.82 0.104691 -2.73952
7.83 0.0771974 -2.75813
7.84 0.0495518 -2.76983
7.85 0.0218239 -2.77459
7.86 -0.00591692 -2.77242
7.87 -0.0336014 -2.76333
7.88 -0.0611605 -2.74734
7.89 -0.0885255 -2.72452
7.9 -0.115628 -2.69493
7.91 -0.142402 -2.65866
7.92 -0.16878 -2.61579
7.93 -0.194696 -2.56646
7.94 -0.220088 -2.51079
7.95 -0.244891 -2.44894
7.96 -0.269046 -2.38106
7.97 -0.292493 -2.30733
7.98 -0.315174 -2.22795
7.99 -0.337034 -2.14313
8 -0.358019 -2.05308
8.01 -0.378079 -1.95804
8.02 -0.397164 -1.85825
8.03 -0.415229 -1.75397
8.04 -0.43223 -1.64547
8.05 -0.448125 -1.53302
8.06 -0.462878 -1.4169
8.07 -0.476452 -1.29743
8.08 -0.488816 -1.17489
8.09 -0.499941 -1.0496
8.1 -0.5098 -0.921875
8.11 -0.518371 -0.792041
8.12 -0.525635 -0.660423
8.13 -0.531575 -0.527353
8.14 -0.536178 -0.393166
8.15 -0.539436 -0.258197
8.16 -0.541341 -0.122786
8.17 -0.541891 0.0127283
8.18 -0.541087 0.148008
8.19 -0.538933 0.282715
8.2 -0.535436 0.416515
8.21 -0.530607 0.549073
8.22 -0.524459 0.680062
8.23 -0.517012 0.809155
8.24 -0.508284 0.936035
8.25 -0.498299 1.06039
8.26 -0.487085 1.1819
8.27 -0.474672 1.30028
8.28 -0.461091 1.41524
8.29 -0.446379 1.52649
8.3 -0.430575 1.63376
8.31 -0.413718 1.73679
8.32 -0.395854 1.83533
8.33 -0.377027 1.92914
8.34 -0.357288 2.01798
8.35 -0.336685 2.10166
8.36 -0.315272 2.17995
8.37 -0.293104 2.25269
8.38 -0.270238 2.31969
8.39 -0.24673 2.3808
8.4 -0.222642 2.43587
8.41 -0.198033 2.48477
8.42 -0.172967 2.5274
8.43 -0.147507 2.56365
8.44 -0.121716 2.59344
8.45 -0.0956597 2.6167
8.46 -0.0694036 2.6334
8.47 -0.0430136 2.6435
8.48 -0.0165557 2.64698
8.49 0.00990385 2.64384
8.5 0.036299 2.6341
8.51 0.062564 2.6178
8.52 0.0886333 2.59499
8.53 0.114442 2.56572
8.54 0.139927 2.5301
8.55 0.165023 2.48821
8.56 0.18967 2.44016
8.57 0.213806 2.3861
8.58 0.237373 2.32615
8.59 0.26031 2.26049
8.6 0.282564 2.18927
8.61 0.304078 2.1127
8.62 0.324801 2.03097
8.63 0.344681 1.94428
8.64 0.36367 1.85287
8.65 0.381723 1.75697
8.66 0.398796 1.65682
8.67 0.414846 1.55269
8.68 0.429837 1.44483
8.69 0.443731 1.33353
8.7 0.456497 1.21906
8.71 0.468103 1.10172
8.72 0.478523 0.981802
8.73 0.487732 0.859614
8.74 0.495708 0.735461
8.75 0.502435 0.609658
8.76 0.507897 0.482521
8.77 0.512082 0.354369
8.78 0.514982 0.225524
8.79 0.516592 0.0963091
8.8 0.516908 -0.0329528
8.81 0.515933 -0.161939
8.82 0.513671 -0.290327
8.83 0.51013 -0.417797
8.84 0.50532 -0.544033
8.85 0.499254 -0.668721
8.86 0.491951 -0.791552
8.87 0.483431 -0.912222
8.88 0.473715 -1.03043
8.89 0.462831 -1.14589
8.9 0.450807 -1.25832
8.91 0.437676 -1.36743
8.92 0.423471 -1.47296
8.93 0.408229 -1.57466
8.94 0.391991 -1.67227
8.95 0.374798 -1.76556
8.96 0.356695 -1.8543
8.97 0.337728 -1.93828
8.98 0.317946 -2.01729
8.99 0.2974 -2.09114
9 0.276141 -2.15966
9.01 0.254225 -2.22268
9.02 0.231706 -2.28005
9.03 0.208643 -2.33165
9.04 0.185093 -2.37734
9.05 0.161116 -2.41703
9.06 0.136773 -2.45062
9.07 0.112124 -2.47804
9.08 0.0872327 -2.49923
9.09 0.0621605 -2.51415
9.1 0.0369707 -2.52276
9.11 0.0117263 -2.52506
9.12 -0.0135096 -2.52106
9.13 -0.0386739 -2.51076
9.14 -0.0637038 -2.4942
9.15 -0.0885372 -2.47144
9.16 -0.113112 -2.44254
9.17 -0.137368 -2.40759
9.18 -0.161244 -2.36667
9.19 -0.184682 -2.3199
9.2 -0.207623 -2.26741
9.21 -0.230011 -2.20934
9.22 -0.251792 -2.14583
9.23 -0.272911 -2.07706
9.24 -0.293316 -2.00321
9.25 -0.312958 -1.92446
9.26 -0.33179 -1.84103
9.27 -0.349764 -1.75312
9.28 -0.366838 -1.66096
9.29 -0.38297 -1.5648
9.3 -0.398121 -1.46487
9.31 -0.412256 -1.36143
9.32 -0.425339 -1.25474
9.33 -0.43734 -1.14509
9.34 -0.448232 -1.03273
9.35 -0.457987 -0.917968
9.36 -0.466584 -0.801082
9.37 -0.474003 -0.682372
9.38 -0.480226 -0.562134
9.39 -0.485241 -0.440673
9.4 -0.489037 -0.318294
9.41 -0.491605 -0.195303
9.42 -0.492942 -0.0720082
9.43 -0.493045 0.0512814
9.44 -0.491917 0.174258
9.45 -0.489562 0.296615
9.46 -0.485988 0.418048
9.47 -0.481205 0.538255
9.48 -0.475228 0.656937
9.49 -0.468073 0.773801
9.5 -0.459759 0.888557
9.51 -0.450309 1.00092
9.52 -0.439749 1.11062
9.53 -0.428107 1.21738
9.54 -0.415413 1.32093
9.55 -0.4017 1.42104
9.56 -0.387004 1.51744
9.57 -0.371364 1.60991
9.58 -0.35482 1.69822
9.59 -0.337414 1.78215
9.6 -0.319192 1.86151
9.61 -0.3002 1.9361
9.62 -0.280486 2.00575
9.63 -0.260102 2.07028
9.64 -0.239099 2.12954
9.65 -0.217529 2.18339
9.66 -0.195449 2.23171
9.67 -0.172914 2.27439
9.68 -0.149981 2.31132
9.69 -0.126707 2.34242
9.7 -0.103152 2.36762
9.71 -0.0793744 2.38688
9.72 -0.0554343 2.40014
9.73 -0.0313916 2.40739
9.74 -0.00730662 2.40861
9.75 0.0167605 2.40382
9.76 0.0407498 2.39303
9.77 0.0646013 2.37628
9.78 0.0882556 2.35362
9.79 0.111654 2.32511
9.8 0.134739 2.29085
9.81 0.157452 2.25091
9.82 0.179738 2.20541
9.83 0.201542 2.15446
9.84 0.22281 2.09822
9.85 0.243489 2.03682
9.86 0.26353 1.97042
9.87 0.282882 1.8992
9.88 0.301498 1.82334
9.89 0.319334 1.74305
9.9 0.336345 1.65852
9.91 0.352491 1.56997
9.92 0.367732 1.47764
9.93 0.382032 1.38176
9.94 0.395356 1.28256
9.95 0.407673 1.18032
9.96 0.418953 1.07527
9.97 0.42917 0.967703
9.98 0.438299 0.857877
9.99 0.446321 0.746073
