0 1 0
0.01 1 -0.25
0.02 0.9975 -0.499375
0.03 0.992506 -0.747502
0.04 0.985031 -0.993759
0.05 0.975094 -1.23753
0.06 0.962718 -1.47821
0.07 0.947936 -1.7152
0.08 0.930784 -1.94789
0.09 0.911305 -2.17572
0.1 0.889548 -2.39811
0.11 0.865567 -2.6145
0.12 0.839422 -2.82435
0.13 0.811179 -3.02715
0.14 0.780907 -3.22237
0.15 0.748683 -3.40955
0.16 0.714588 -3.58819
0.17 0.678706 -3.75787
0.18 0.641127 -3.91815
0.19 0.601946 -4.06864
0.2 0.561259 -4.20895
0.21 0.51917 -4.33874
0.22 0.475782 -4.45769
0.23 0.431206 -4.56549
0.24 0.385551 -4.66188
0.25 0.338932 -4.74661
0.26 0.291466 -4.81948
0.27 0.243271 -4.8803
0.28 0.194468 -4.92891
0.29 0.145179 -4.96521
0.3 0.0955267 -4.98909
0.31 0.0456359 -5.0005
0.32 -0.00436913 -4.99941
0.33 -0.0543632 -4.98582
0.34 -0.104221 -4.95976
0.35 -0.153819 -4.92131
0.36 -0.203032 -4.87055
0.37 -0.251737 -4.80761
0.38 -0.299814 -4.73266
0.39 -0.34714 -4.64587
0.4 -0.393599 -4.54747
0.41 -0.439074 -4.43771
0.42 -0.483451 -4.31684
0.43 -0.526619 -4.18519
0.44 -0.568471 -4.04307
0.45 -0.608902 -3.89085
0.46 -0.64781 -3.72889
0.47 -0.685099 -3.55762
0.48 -0.720675 -3.37745
0.49 -0.75445 -3.18884
0.5 -0.786338 -2.99225
0.51 -0.816261 -2.78819
0.52 -0.844143 -2.57715
0.53 -0.869914 -2.35967
0.54 -0.893511 -2.1363
0.55 -0.914874 -1.90758
0.56 -0.93395 -1.67409
0.57 -0.95069 -1.43642
0.58 -0.965055 -1.19515
0.59 -0.977006 -0.950902
0.6 -0.986515 -0.704273
0.61 -0.993558 -0.455883
0.62 -0.998117 -0.206354
0.63 -1.00018 0.0436909
0.64 -0.999743 0.293627
0.65 -0.996807 0.542829
0.66 -0.991379 0.790673
0.67 -0.983472 1.03654
0.68 -0.973107 1.27982
0.69 -0.960309 1.5199
0.7 -0.94511 1.75617
0.71 -0.927548 1.98806
0.72 -0.907667 2.21498
0.73 -0.885517 2.43636
0.74 -0.861154 2.65164
0.75 -0.834637 2.8603
0.76 -0.806034 3.06181
0.77 -0.775416 3.25567
0.78 -0.74286 3.44138
0.79 -0.708446 3.61849
0.8 -0.672261 3.78656
0.81 -0.634395 3.94516
0.82 -0.594944 4.09389
0.83 -0.554005 4.23239
0.84 -0.511681 4.36031
0.85 -0.468078 4.47733
0.86 -0.423304 4.58316
0.87 -0.377473 4.67753
0.88 -0.330698 4.7602
0.89 -0.283096 4.83098
0.9 -0.234786 4.88967
0.91 -0.185889 4.93614
0.92 -0.136528 4.97028
0.93 -0.0868249 4.99198
0.94 -0.036905 5.00121
0.95 0.0131071 4.99793
0.96 0.0630864 4.98216
0.97 0.112908 4.95393
0.98 0.162447 4.91332
0.99 0.211581 4.86043
1 0.260185 4.79538
1.01 0.308139 4.71835
1.02 0.355322 4.62952
1.03 0.401617 4.52911
1.04 0.446908 4.41738
1.05 0.491082 4.29461
1.06 0.534028 4.16111
1.07 0.575639 4.0172
1.08 0.615811 3.86324
1.09 0.654444 3.69963
1.1 0.69144 3.52677
1.11 0.726708 3.3451
1.12 0.760159 3.15506
1.13 0.791709 2.95713
1.14 0.821281 2.75181
1.15 0.848799 2.53961
1.16 0.874195 2.32106
1.17 0.897405 2.09671
1.18 0.918373 1.86712
1.19 0.937044 1.63285
1.2 0.953372 1.39451
1.21 0.967317 1.15268
1.22 0.978844 0.907971
1.23 0.987924 0.66099
1.24 0.994534 0.412357
1.25 0.998657 0.162693
1.26 1.00028 -0.0873785
1.27 0.99941 -0.337231
1.28 0.996038 -0.586241
1.29 0.990176 -0.833785
1.3 0.981838 -1.07924
1.31 0.971045 -1.32201
1.32 0.957825 -1.56146
1.33 0.942211 -1.79701
1.34 0.924241 -2.02807
1.35 0.90396 -2.25406
1.36 0.881419 -2.47442
1.37 0.856675 -2.68859
1.38 0.829789 -2.89604
1.39 0.800829 -3.09624
1.4 0.769866 -3.28871
1.41 0.736979 -3.47295
1.42 0.70225 -3.64852
1.43 0.665765 -3.81496
1.44 0.627615 -3.97186
1.45 0.587896 -4.11884
1.46 0.546708 -4.25551
1.47 0.504153 -4.38155
1.48 0.460337 -4.49664
1.49 0.415371 -4.60048
1.5 0.369366 -4.69282
1.51 0.322438 -4.77343
1.52 0.274704 -4.84211
1.53 0.226283 -4.89868
1.54 0.177296 -4.943
1.55 0.127866 -4.97497
1.56 0.0781163 -4.9945
1.57 0.0281714 -5.00154
1.58 -0.021844 -4.99608
1.59 -0.0718048 -4.97813
1.6 -0.121586 -4.94773
1.61 -0.171063 -4.90496
1.62 -0.220113 -4.84994
1.63 -0.268612 -4.78278
1.64 -0.31644 -4.70367
1.65 -0.363477 -4.6128
1.66 -0.409605 -4.5104
1.67 -0.454709 -4.39672
1.68 -0.498676 -4.27206
1.69 -0.541397 -4.13671
1.7 -0.582764 -3.99102
1.71 -0.622674 -3.83535
1.72 -0.661027 -3.67009
1.73 -0.697728 -3.49566
1.74 -0.732685 -3.31249
1.75 -0.76581 -3.12103
1.76 -0.79702 -2.92178
1.77 -0.826238 -2.71522
1.78 -0.85339 -2.50187
1.79 -0.878409 -2.28227
1.8 -0.901232 -2.05696
1.81 -0.921801 -1.82651
1.82 -0.940066 -1.5915
1.83 -0.955981 -1.3525
1.84 -0.969506 -1.11012
1.85 -0.980607 -0.864972
1.86 -0.989257 -0.617657
1.87 -0.995434 -0.368799
1.88 -0.999122 -0.119019
1.89 -1.00031 0.131059
1.9 -0.999001 0.38081
1.91 -0.995193 0.629608
1.92 -0.988897 0.876832
1.93 -0.980129 1.12186
1.94 -0.96891 1.36409
1.95 -0.955269 1.60291
1.96 -0.93924 1.83772
1.97 -0.920863 2.06794
1.98 -0.900184 2.29298
1.99 -0.877254 2.51229
2 -0.852131 2.72533
2.01 -0.824878 2.93155
2.02 -0.795562 3.13044
2.03 -0.764258 3.3215
2.04 -0.731043 3.50426
2.05 -0.696 3.67826
2.06 -0.659217 3.84307
2.07 -0.620787 3.99826
2.08 -0.580804 4.14346
2.09 -0.53937 4.27831
2.1 -0.496586 4.40245
2.11 -0.452562 4.51559
2.12 -0.407406 4.61745
2.13 -0.361232 4.70775
2.14 -0.314154 4.78629
2.15 -0.266291 4.85286
2.16 -0.217762 4.90731
2.17 -0.168689 4.94948
2.18 -0.119195 4.97928
2.19 -0.0694019 4.99663
2.2 -0.0194356 5.00149
2.21 0.0305793 4.99384
2.22 0.0805177 4.97371
2.23 0.130255 4.94115
2.24 0.179666 4.89623
2.25 0.228629 4.83907
2.26 0.277019 4.76982
2.27 0.324718 4.68864
2.28 0.371604 4.59574
2.29 0.417561 4.49135
2.3 0.462475 4.37573
2.31 0.506232 4.24917
2.32 0.548724 4.11199
2.33 0.589844 3.96453
2.34 0.629489 3.80716
2.35 0.667561 3.64027
2.36 0.703963 3.46428
2.37 0.738606 3.27963
2.38 0.771402 3.08677
2.39 0.80227 2.88621
2.4 0.831132 2.67842
2.41 0.857916 2.46394
2.42 0.882556 2.24331
2.43 0.904989 2.01706
2.44 0.925159 1.78577
2.45 0.943017 1.55001
2.46 0.958517 1.31039
2.47 0.971621 1.06748
2.48 0.982296 0.821906
2.49 0.990515 0.574277
2.5 0.996258 0.325213
2.51 0.99951 0.0753355
2.52 1.00026 -0.17473
2.53 0.998516 -0.424359
2.54 0.994272 -0.672927
2.55 0.987543 -0.919813
2.56 0.978345 -1.1644
2.57 0.966701 -1.40607
2.58 0.95264 -1.64423
2.59 0.936198 -1.87828
2.6 0.917415 -2.10764
2.61 0.896339 -2.33172
2.62 0.873021 -2.54998
2.63 0.847522 -2.76186
2.64 0.819903 -2.96683
2.65 0.790235 -3.16439
2.66 0.758591 -3.35404
2.67 0.72505 -3.5353
2.68 0.689697 -3.70773
2.69 0.65262 -3.87088
2.7 0.613911 -4.02436
2.71 0.573668 -4.16778
2.72 0.53199 -4.30077
2.73 0.488982 -4.42302
2.74 0.444752 -4.53421
2.75 0.39941 -4.63406
2.76 0.353069 -4.72233
2.77 0.305846 -4.79879
2.78 0.257858 -4.86325
2.79 0.209226 -4.91556
2.8 0.16007 -4.95558
2.81 0.110514 -4.98321
2.82 0.0606821 -4.99838
2.83 0.0106983 -5.00105
2.84 -0.0393122 -4.99122
2.85 -0.0892244 -4.96892
2.86 -0.138914 -4.93419
2.87 -0.188255 -4.88712
2.88 -0.237127 -4.82784
2.89 -0.285405 -4.75649
2.9 -0.33297 -4.67325
2.91 -0.379703 -4.57832
2.92 -0.425486 -4.47195
2.93 -0.470205 -4.3544
2.94 -0.513749 -4.22596
2.95 -0.556009 -4.08696
2.96 -0.596879 -3.93774
2.97 -0.636256 -3.77868
2.98 -0.674043 -3.61017
2.99 -0.710144 -3.43263
3 -0.744471 -3.24651
3.01 -0.776936 -3.05228
3.02 -0.807459 -2.85041
3.03 -0.835963 -2.64142
3.04 -0.862377 -2.42583
3.05 -0.886635 -2.20417
3.06 -0.908677 -1.977
3.07 -0.928447 -1.74489
3.08 -0.945896 -1.50842
3.09 -0.96098 -1.26817
3.1 -0.973662 -1.02476
3.11 -0.983909 -0.778778
3.12 -0.991697 -0.530854
3.13 -0.997006 -0.281602
3.14 -0.999822 -0.0316466
3.15 -1.00014 0.218388
3.16 -0.997954 0.467877
3.17 -0.993276 0.716195
3.18 -0.986114 0.962724
3.19 -0.976486 1.20685
3.2 -0.964418 1.44795
3.21 -0.949938 1.68543
3.22 -0.933084 1.91871
3.23 -0.913897 2.14718
3.24 -0.892425 2.37029
3.25 -0.868722 2.58747
3.26 -0.842848 2.79818
3.27 -0.814866 3.0019
3.28 -0.784847 3.19811
3.29 -0.752866 3.38632
3.3 -0.719003 3.56607
3.31 -0.683342 3.73691
3.32 -0.645973 3.8984
3.33 -0.606989 4.05015
3.34 -0.566487 4.19177
3.35 -0.52457 4.32291
3.36 -0.48134 4.44325
3.37 -0.436908 4.55248
3.38 -0.391383 4.65032
3.39 -0.34488 4.73654
3.4 -0.297515 4.81092
3.41 -0.249405 4.87327
3.42 -0.200673 4.92344
3.43 -0.151438 4.9613
3.44 -0.101825 4.98676
3.45 -0.0519577 4.99975
3.46 -0.00196022 5.00024
3.47 0.0480421 4.98822
3.48 0.0979244 4.96374
3.49 0.147562 4.92685
3.5 0.19683 4.87765
3.51 0.245607 4.81624
3.52 0.293769 4.7428
3.53 0.341197 4.6575
3.54 0.387772 4.56056
3.55 0.433378 4.45221
3.56 0.4779 4.33274
3.57 0.521227 4.20243
3.58 0.563252 4.06162
3.59 0.603868 3.91065
3.6 0.642974 3.74991
3.61 0.680474 3.57979
3.62 0.716272 3.40072
3.63 0.750279 3.21315
3.64 0.78241 3.01755
3.65 0.812586 2.8144
3.66 0.84073 2.60422
3.67 0.866772 2.38753
3.68 0.890647 2.16487
3.69 0.912296 1.93679
3.7 0.931664 1.70388
3.71 0.948703 1.4667
3.72 0.96337 1.22586
3.73 0.975628 0.981952
3.74 0.985448 0.73559
3.75 0.992804 0.487389
3.76 0.997678 0.23797
3.77 1.00006 -0.0120446
3.78 0.999937 -0.262029
3.79 0.997317 -0.511358
3.8 0.992203 -0.759409
3.81 0.984609 -1.00556
3.82 0.974553 -1.2492
3.83 0.962061 -1.48971
3.84 0.947164 -1.72651
3.85 0.929899 -1.95898
3.86 0.910309 -2.18656
3.87 0.888444 -2.40867
3.88 0.864357 -2.62476
3.89 0.838109 -2.83429
3.9 0.809767 -3.03673
3.91 0.779399 -3.23158
3.92 0.747084 -3.41835
3.93 0.7129 -3.59657
3.94 0.676934 -3.76581
3.95 0.639276 -3.92563
3.96 0.60002 -4.07563
3.97 0.559264 -4.21545
3.98 0.517109 -4.34472
3.99 0.473662 -4.46314
4 0.429031 -4.5704
4.01 0.383327 -4.66623
4.02 0.336664 -4.75039
4.03 0.28916 -4.82268
4.04 0.240934 -4.88292
4.05 0.192104 -4.93094
4.06 0.142795 -4.96664
4.07 0.0931286 -4.98993
4.08 0.0432293 -5.00073
4.09 -0.00677802 -4.99904
4.1 -0.0567684 -4.98485
4.11 -0.106617 -4.95819
4.12 -0.156199 -4.91914
4.13 -0.20539 -4.86779
4.14 -0.254068 -4.80428
4.15 -0.302111 -4.72875
4.16 -0.349398 -4.6414
4.17 -0.395812 -4.54245
4.18 -0.441237 -4.43214
4.19 -0.485558 -4.31075
4.2 -0.528666 -4.17858
4.21 -0.570452 -4.03597
4.22 -0.610811 -3.88327
4.23 -0.649644 -3.72086
4.24 -0.686852 -3.54914
4.25 -0.722344 -3.36856
4.26 -0.756029 -3.17955
4.27 -0.787825 -2.98259
4.28 -0.817651 -2.77818
4.29 -0.845433 -2.56682
4.3 -0.871101 -2.34905
4.31 -0.894591 -2.1254
4.32 -0.915845 -1.89644
4.33 -0.93481 -1.66273
4.34 -0.951437 -1.42488
4.35 -0.965686 -1.18345
4.36 -0.97752 -0.939074
4.37 -0.986911 -0.692346
4.38 -0.993835 -0.443888
4.39 -0.998273 -0.194319
4.4 -1.00022 0.0557349
4.41 -0.999659 0.30565
4.42 -0.996603 0.5548
4.43 -0.991055 0.802564
4.44 -0.983029 1.04832
4.45 -0.972546 1.29146
4.46 -0.959631 1.53137
4.47 -0.944318 1.76745
4.48 -0.926643 1.99911
4.49 -0.906652 2.22577
4.5 -0.884394 2.44687
4.51 -0.859926 2.66185
4.52 -0.833307 2.87018
4.53 -0.804606 3.07133
4.54 -0.773892 3.2648
4.55 -0.741244 3.45011
4.56 -0.706743 3.6268
4.57 -0.670475 3.79442
4.58 -0.632531 3.95255
4.59 -0.593006 4.1008
4.6 -0.551998 4.2388
4.61 -0.50961 4.3662
4.62 -0.465948 4.48269
4.63 -0.421121 4.58797
4.64 -0.375241 4.68178
4.65 -0.328423 4.76388
4.66 -0.280784 4.83408
4.67 -0.232443 4.89219
4.68 -0.183522 4.93807
4.69 -0.134141 4.97161
4.7 -0.0844248 4.99271
4.71 -0.0344976 5.00134
4.72 0.0155157 4.99746
4.73 0.0654903 4.98109
4.74 0.115301 4.95226
4.75 0.164824 4.91106
4.76 0.213934 4.85757
4.77 0.26251 4.79194
4.78 0.31043 4.71434
4.79 0.357573 4.62494
4.8 0.403822 4.52399
4.81 0.449062 4.41172
4.82 0.493179 4.28843
4.83 0.536064 4.15441
4.84 0.577608 4.01001
4.85 0.617708 3.85558
4.86 0.656264 3.69152
4.87 0.693179 3.51822
4.88 0.728361 3.33613
4.89 0.761722 3.1457
4.9 0.793179 2.94741
4.91 0.822654 2.74174
4.92 0.850071 2.52923
4.93 0.875363 2.31038
4.94 0.898467 2.08577
4.95 0.919325 1.85594
4.96 0.937884 1.62147
4.97 0.954099 1.38294
4.98 0.967928 1.14096
4.99 0.979338 0.896124
5 0.988299 0.649049
5.01 0.994789 0.400352
5.02 0.998793 0.150654
5.03 1.0003 -0.099421
5.04 0.999305 -0.349247
5.05 0.995813 -0.598201
5.06 0.989831 -0.845658
5.07 0.981374 -1.091
5.08 0.970464 -1.33362
5.09 0.957128 -1.5729
5.1 0.941399 -1.80825
5.11 0.923317 -2.03908
5.12 0.902926 -2.26481
5.13 0.880278 -2.48488
5.14 0.855429 -2.69874
5.15 0.828441 -2.90585
5.16 0.799383 -3.10569
5.17 0.768326 -3.29777
5.18 0.735348 -3.48161
5.19 0.700532 -3.65674
5.2 0.663965 -3.82274
5.21 0.625737 -3.97917
5.22 0.585946 -4.12566
5.23 0.544689 -4.26183
5.24 0.502071 -4.38735
5.25 0.458197 -4.5019
5.26 0.413178 -4.60519
5.27 0.367127 -4.69697
5.28 0.320157 -4.77701
5.29 0.272387 -4.84511
5.3 0.223936 -4.90109
5.31 0.174925 -4.94482
5.32 0.125476 -4.97619
5.33 0.0757145 -4.99512
5.34 0.0257633 -5.00156
5.35 -0.0242523 -4.9955
5.36 -0.0742073 -4.97695
5.37 -0.123977 -4.94595
5.38 -0.173436 -4.90259
5.39 -0.222462 -4.84698
5.4 -0.270932 -4.77925
5.41 -0.318724 -4.69956
5.42 -0.36572 -4.60813
5.43 -0.411801 -4.50518
5.44 -0.456853 -4.39097
5.45 -0.500763 -4.26578
5.46 -0.543421 -4.12992
5.47 -0.58472 -3.98374
5.48 -0.624557 -3.82761
5.49 -0.662833 -3.6619
5.5 -0.699452 -3.48703
5.51 -0.734323 -3.30345
5.52 -0.767357 -3.11161
5.53 -0.798473 -2.912
5.54 -0.827593 -2.7051
5.55 -0.854644 -2.49144
5.56 -0.879559 -2.27155
5.57 -0.902274 -2.04598
5.58 -0.922734 -1.81529
5.59 -0.940887 -1.58007
5.6 -0.956688 -1.3409
5.61 -0.970097 -1.09838
5.62 -0.98108 -0.853106
5.63 -0.989611 -0.605703
5.64 -0.995668 -0.356786
5.65 -0.999236 -0.106977
5.66 -1.00031 0.1431
5.67 -0.998875 0.392818
5.68 -0.994947 0.641555
5.69 -0.988531 0.888688
5.7 -0.979645 1.1336
5.71 -0.968309 1.37568
5.72 -0.954552 1.61431
5.73 -0.938409 1.84892
5.74 -0.919919 2.0789
5.75 -0.89913 2.30368
5.76 -0.876094 2.5227
5.77 -0.850867 2.73542
5.78 -0.823512 2.9413
5.79 -0.7941 3.13982
5.8 -0.762701 3.3305
5.81 -0.729396 3.51285
5.82 -0.694268 3.68641
5.83 -0.657404 3.85076
5.84 -0.618896 4.00549
5.85 -0.578841 4.1502
5.86 -0.537339 4.28453
5.87 -0.494494 4.40816
5.88 -0.450412 4.52076
5.89 -0.405205 4.62206
5.9 -0.358984 4.71181
5.91 -0.311866 4.78977
5.92 -0.263968 4.85577
5.93 -0.215411 4.90962
5.94 -0.166314 4.9512
5.95 -0.116803 4.9804
5.96 -0.0669985 4.99715
5.97 -0.0170271 5.0014
5.98 0.032987 4.99316
5.99 0.0829185 4.97243
6 0.132643 4.93927
6.01 0.182035 4.89376
6.02 0.230973 4.83601
6.03 0.279333 4.76618
6.04 0.326995 4.68443
6.05 0.373839 4.59097
6.06 0.419749 4.48604
6.07 0.464609 4.36988
6.08 0.508308 4.24281
6.09 0.550736 4.10512
6.1 0.591788 3.95718
6.11 0.631359 3.79934
6.12 0.669353 3.632
6.13 0.705673 3.45558
6.14 0.740228 3.27052
6.15 0.772934 3.07729
6.16 0.803707 2.87636
6.17 0.83247 2.66824
6.18 0.859153 2.45346
6.19 0.883687 2.23253
6.2 0.906012 2.00603
6.21 0.926073 1.77451
6.22 0.943818 1.53856
6.23 0.959204 1.29876
6.24 0.972191 1.05571
6.25 0.982748 0.810023
6.26 0.990848 0.562311
6.27 0.996472 0.313193
6.28 0.999603 0.063292
6.29 1.00024 -0.186767
6.3 0.998369 -0.436359
6.31 0.994005 -0.684861
6.32 0.987157 -0.93165
6.33 0.97784 -1.17611
6.34 0.966079 -1.41763
6.35 0.951903 -1.65561
6.36 0.935347 -1.88944
6.37 0.916452 -2.11855
6.38 0.895267 -2.34237
6.39 0.871843 -2.56033
6.4 0.84624 -2.77189
6.41 0.818521 -2.97652
6.42 0.788755 -3.17371
6.43 0.757018 -3.36297
6.44 0.723389 -3.54381
6.45 0.687951 -3.7158
6.46 0.650793 -3.8785
6.47 0.612008 -4.0315
6.48 0.571693 -4.17442
6.49 0.529948 -4.30691
6.5 0.486879 -4.42863
6.51 0.442593 -4.53928
6.52 0.3972 -4.63858
6.53 0.350814 -4.72628
6.54 0.303552 -4.80217
6.55 0.25553 -4.86605
6.56 0.206869 -4.91777
6.57 0.157692 -4.95719
6.58 0.10812 -4.98422
6.59 0.0582774 -4.99879
6.6 0.0082895 -5.00086
6.61 -0.0417191 -4.99043
6.62 -0.0916235 -4.96753
6.63 -0.141299 -4.9322
6.64 -0.190621 -4.88455
6.65 -0.239466 -4.82468
6.66 -0.287713 -4.75275
6.67 -0.335241 -4.66894
6.68 -0.38193 -4.57346
6.69 -0.427665 -4.46655
6.7 -0.47233 -4.34846
6.71 -0.515815 -4.21951
6.72 -0.55801 -4.08001
6.73 -0.59881 -3.9303
6.74 -0.638113 -3.77078
6.75 -0.675821 -3.60182
6.76 -0.711839 -3.42386
6.77 -0.746078 -3.23734
6.78 -0.778451 -3.04273
6.79 -0.808878 -2.84051
6.8 -0.837283 -2.63119
6.81 -0.863595 -2.41529
6.82 -0.887748 -2.19335
6.83 -0.909682 -1.96593
6.84 -0.929341 -1.7336
6.85 -0.946677 -1.49693
6.86 -0.961646 -1.25652
6.87 -0.974211 -1.01296
6.88 -0.984341 -0.766878
6.89 -0.99201 -0.518875
6.9 -0.997199 -0.269576
6.91 -0.999894 -0.0196022
6.92 -1.00009 0.23042
6.93 -0.997786 0.479867
6.94 -0.992987 0.728114
6.95 -0.985706 0.97454
6.96 -0.975961 1.21853
6.97 -0.963776 1.45947
6.98 -0.949181 1.69677
6.99 -0.932213 1.92982
7 -0.912915 2.15805
7.01 -0.891334 2.38089
7.02 -0.867526 2.59777
7.03 -0.841548 2.80815
7.04 -0.813466 3.01152
7.05 -0.783351 3.20736
7.06 -0.751278 3.39518
7.07 -0.717326 3.57451
7.08 -0.681581 3.7449
7.09 -0.644132 3.90594
7.1 -0.605072 4.05721
7.11 -0.5645 4.19833
7.12 -0.522517 4.32896
7.13 -0.479227 4.44877
7.14 -0.43474 4.55745
7.15 -0.389165 4.65474
7.16 -0.342618 4.7404
7.17 -0.295214 4.8142
7.18 -0.247072 4.87597
7.19 -0.198312 4.92555
7.2 -0.149057 4.96281
7.21 -0.0994285 4.98767
7.22 -0.0495519 5.00006
7.23 0.000448704 4.99994
7.24 0.0504481 4.98733
7.25 0.100321 4.96225
7.26 0.149944 4.92477
7.27 0.199192 4.87497
7.28 0.247941 4.81298
7.29 0.296071 4.73896
7.3 0.343461 4.6531
7.31 0.389992 4.5556
7.32 0.435548 4.44671
7.33 0.480015 4.32671
7.34 0.523282 4.19589
7.35 0.565241 4.05458
7.36 0.605787 3.90313
7.37 0.644818 3.74193
7.38 0.682237 3.57137
7.39 0.717951 3.39188
7.4 0.75187 3.20391
7.41 0.783909 3.00794
7.42 0.813988 2.80444
7.43 0.842033 2.59393
7.44 0.867972 2.37694
7.45 0.891741 2.154
7.46 0.913281 1.92568
7.47 0.932538 1.69255
7.48 0.949464 1.45518
7.49 0.964016 1.21418
7.5 0.976157 0.970139
7.51 0.985859 0.723674
7.52 0.993095 0.4754
7.53 0.997849 0.225938
7.54 1.00011 -0.0240892
7.55 0.999868 -0.274056
7.56 0.997127 -0.523338
7.57 0.991894 -0.771312
7.58 0.984181 -1.01736
7.59 0.974007 -1.26086
7.6 0.961399 -1.50121
7.61 0.946387 -1.7378
7.62 0.929009 -1.97006
7.63 0.909308 -2.19738
7.64 0.887334 -2.41922
7.65 0.863142 -2.635
7.66 0.836792 -2.8442
7.67 0.80835 -3.04629
7.68 0.777887 -3.24076
7.69 0.745479 -3.42713
7.7 0.711208 -3.60493
7.71 0.675159 -3.77372
7.72 0.637422 -3.93308
7.73 0.598091 -4.0826
7.74 0.557265 -4.22192
7.75 0.515046 -4.35068
7.76 0.471539 -4.46856
7.77 0.426853 -4.57528
7.78 0.381101 -4.67055
7.79 0.334395 -4.75415
7.8 0.286854 -4.82586
7.81 0.238595 -4.88551
7.82 0.18974 -4.93295
7.83 0.14041 -4.96805
7.84 0.0907298 -4.99073
7.85 0.0408225 -5.00094
7.86 -0.00918687 -4.99864
7.87 -0.0591733 -4.98385
7.88 -0.109012 -4.95659
7.89 -0.158578 -4.91695
7.9 -0.207747 -4.86501
7.91 -0.256397 -4.80091
7.92 -0.304406 -4.72481
7.93 -0.351655 -4.6369
7.94 -0.398024 -4.53739
7.95 -0.443398 -4.42654
7.96 -0.487663 -4.30463
7.97 -0.530709 -4.17195
7.98 -0.572429 -4.02884
7.99 -0.612717 -3.87566
8 -0.651474 -3.7128
8.01 -0.688602 -3.54065
8.02 -0.724008 -3.35964
8.03 -0.757605 -3.17024
8.04 -0.789307 -2.97292
8.05 -0.819036 -2.76816
8.06 -0.846718 -2.55648
8.07 -0.872283 -2.33841
8.08 -0.895667 -2.11449
8.09 -0.916811 -1.88529
8.1 -0.935664 -1.65137
8.11 -0.952178 -1.41333
8.12 -0.966311 -1.17175
8.13 -0.978029 -0.927241
8.14 -0.987301 -0.680416
8.15 -0.994105 -0.431889
8.16 -0.998424 -0.182283
8.17 -1.00025 0.0677787
8.18 -0.999569 0.317671
8.19 -0.996393 0.566769
8.2 -0.990725 0.81445
8.21 -0.98258 1.0601
8.22 -0.971979 1.30309
8.23 -0.958949 1.54283
8.24 -0.94352 1.77871
8.25 -0.925733 2.01014
8.26 -0.905632 2.23655
8.27 -0.883266 2.45737
8.28 -0.858693 2.67204
8.29 -0.831972 2.88003
8.3 -0.803172 3.08082
8.31 -0.772364 3.27392
8.32 -0.739625 3.45882
8.33 -0.705036 3.63508
8.34 -0.668686 3.80225
8.35 -0.630663 3.95992
8.36 -0.591064 4.10768
8.37 -0.549987 4.24518
8.38 -0.507535 4.37206
8.39 -0.463815 4.48802
8.4 -0.418934 4.59275
8.41 -0.373007 4.686
8.42 -0.326147 4.76754
8.43 -0.278471 4.83716
8.44 -0.2301 4.89468
8.45 -0.181153 4.93997
8.46 -0.131753 4.97291
8.47 -0.0820242 4.99342
8.48 -0.03209 5.00144
8.49 0.0179243 4.99696
8.5 0.0678939 4.97998
8.51 0.117694 4.95056
8.52 0.167199 4.90876
8.53 0.216287 4.85469
8.54 0.264834 4.78848
8.55 0.312719 4.7103
8.56 0.359822 4.62034
8.57 0.406025 4.51884
8.58 0.451213 4.40604
8.59 0.495274 4.28222
8.6 0.538096 4.14769
8.61 0.579573 4.0028
8.62 0.619601 3.8479
8.63 0.65808 3.68338
8.64 0.694914 3.50965
8.65 0.73001 3.32715
8.66 0.763282 3.13633
8.67 0.794645 2.93767
8.68 0.824022 2.73166
8.69 0.851338 2.51883
8.7 0.876526 2.2997
8.71 0.899523 2.07481
8.72 0.920272 1.84475
8.73 0.938719 1.61007
8.74 0.95482 1.37136
8.75 0.968533 1.12923
8.76 0.979826 0.884272
8.77 0.988668 0.637105
8.78 0.995039 0.388345
8.79 0.998923 0.138614
8.8 1.00031 -0.111463
8.81 0.999194 -0.361262
8.82 0.995582 -0.610157
8.83 0.98948 -0.857527
8.84 0.980905 -1.10275
8.85 0.969877 -1.34522
8.86 0.956425 -1.58433
8.87 0.940582 -1.81947
8.88 0.922387 -2.05007
8.89 0.901886 -2.27554
8.9 0.879131 -2.49533
8.91 0.854178 -2.70887
8.92 0.827089 -2.91564
8.93 0.797933 -3.11513
8.94 0.766781 -3.30682
8.95 0.733713 -3.49025
8.96 0.698811 -3.66495
8.97 0.662161 -3.83049
8.98 0.623856 -3.98646
8.99 0.583992 -4.13245
9 0.542667 -4.26812
9.01 0.499986 -4.39312
9.02 0.456055 -4.50713
9.03 0.410983 -4.60988
9.04 0.364885 -4.7011
9.05 0.317874 -4.78057
9.06 0.270068 -4.84808
9.07 0.221587 -4.90348
9.08 0.172552 -4.94662
9.09 0.123086 -4.97739
9.1 0.0733123 -4.99572
9.11 0.0233551 -5.00156
9.12 -0.0266604 -4.99489
9.13 -0.0766093 -4.97574
9.14 -0.126367 -4.94415
9.15 -0.175808 -4.9002
9.16 -0.22481 -4.84399
9.17 -0.27325 -4.77568
9.18 -0.321007 -4.69543
9.19 -0.367961 -4.60344
9.2 -0.413996 -4.49994
9.21 -0.458995 -4.38519
9.22 -0.502847 -4.25948
9.23 -0.545442 -4.12312
9.24 -0.586673 -3.97645
9.25 -0.626437 -3.81984
9.26 -0.664636 -3.65368
9.27 -0.701173 -3.47839
9.28 -0.735956 -3.2944
9.29 -0.7689 -3.10217
9.3 -0.799922 -2.90219
9.31 -0.828944 -2.69496
9.32 -0.855894 -2.48098
9.33 -0.880704 -2.26081
9.34 -0.903312 -2.03498
9.35 -0.923661 -1.80407
9.36 -0.941702 -1.56864
9.37 -0.957388 -1.32929
9.38 -0.970681 -1.08662
9.39 -0.981548 -0.841235
9.4 -0.98996 -0.593745
9.41 -0.995897 -0.344771
9.42 -0.999345 -0.0949348
9.43 -1.00029 0.155139
9.44 -0.998743 0.404825
9.45 -0.994695 0.653498
9.46 -0.98816 0.900538
9.47 -0.979155 1.14533
9.48 -0.967701 1.38725
9.49 -0.953829 1.62571
9.5 -0.937572 1.8601
9.51 -0.918971 2.08984
9.52 -0.898072 2.31436
9.53 -0.874929 2.5331
9.54 -0.849598 2.74549
9.55 -0.822143 2.95103
9.56 -0.792632 3.14919
9.57 -0.76114 3.33947
9.58 -0.727746 3.52141
9.59 -0.692532 3.69454
9.6 -0.655586 3.85844
9.61 -0.617002 4.01269
9.62 -0.576875 4.15691
9.63 -0.535306 4.29073
9.64 -0.492398 4.41383
9.65 -0.44826 4.5259
9.66 -0.403001 4.62665
9.67 -0.356735 4.71583
9.68 -0.309576 4.79323
9.69 -0.261644 4.85864
9.7 -0.213058 4.9119
9.71 -0.163939 4.95289
9.72 -0.11441 4.98149
9.73 -0.0645948 4.99764
9.74 -0.0146184 5.00129
9.75 0.0353945 4.99244
9.76 0.0853189 4.97112
9.77 0.13503 4.93736
9.78 0.184404 4.89126
9.79 0.233316 4.83293
9.8 0.281646 4.76252
9.81 0.329271 4.6802
9.82 0.376073 4.58618
9.83 0.421934 4.4807
9.84 0.466741 4.36401
9.85 0.510382 4.23642
9.86 0.552746 4.09823
9.87 0.593728 3.9498
9.88 0.633226 3.79149
9.89 0.671141 3.62371
9.9 0.707378 3.44686
9.91 0.741847 3.2614
9.92 0.774461 3.06778
9.93 0.805138 2.8665
9.94 0.833803 2.65805
9.95 0.860384 2.44295
9.96 0.884813 2.22175
9.97 0.907031 1.99499
9.98 0.926981 1.76325
9.99 0.944613 1.52709
